,0,1,2,3,4,5
0,1.0000000000000002,0.535655668229714,0.3522349768381735,0.12361284651454937,0.10776318121606494,0.0
1,0.535655668229714,1.0,0.4499212706658476,0.15789473684210525,0.13764944032233706,0.0
2,0.3522349768381735,0.4499212706658476,1.0,0.17996850826633906,0.3922322702763681,0.0
3,0.12361284651454937,0.15789473684210525,0.17996850826633906,0.9999999999999999,0.8717797887081349,0.5619514869490164
4,0.10776318121606494,0.13764944032233706,0.3922322702763681,0.8717797887081349,1.0,0.48989794855663565
5,0.0,0.0,0.0,0.5619514869490164,0.48989794855663565,0.9999999999999998
