,0,1,2,3,4,5
0,1.0000000000000002,0.535655668229714,0.3279129178919765,0.10369516947304253,0.09379580992210837,0.0
1,0.535655668229714,1.0,0.4188539082916955,0.13245323570650436,0.11980845957463075,0.0
2,0.3279129178919765,0.4188539082916955,0.9999999999999998,0.2810913475705226,0.4449492083146097,0.0
3,0.10369516947304253,0.13245323570650436,0.2810913475705226,1.0,0.904534033733291,0.5819143739626464
4,0.09379580992210837,0.11980845957463075,0.4449492083146097,0.904534033733291,1.0,0.5263613559678153
5,0.0,0.0,0.0,0.5819143739626464,0.5263613559678153,1.0
